delete,id,title,text,date,user,target,date_expired
,1,jhfjkdsfksd,fklsdjkfjsdkf,2021-04-14,,sdkfjskf,2021-04-14
,2,dsf,dsfsdf,2021-04-14,1,sdfsdf,2021-04-14
